              precision    recall  f1-score   support

           0     0.9614    0.9848    0.9730       329
           1     0.9701    0.9489    0.9594       137
           2     0.9732    1.0000    0.9864       254
           3     0.9907    0.9907    0.9907       322
           4     0.9732    1.0000    0.9864       145
           5     0.9153    0.9000    0.9076       180
           6     0.9212    0.9102    0.9157       167
           7     0.9186    0.9349    0.9267       169
           8     0.9785    0.9383    0.9580       243
           9     0.9641    0.9096    0.9360       177
          10     0.9153    0.9419    0.9284       172
          11     0.9231    0.9284    0.9257       349
          12     0.9347    0.9118    0.9231       204
          13     0.9060    0.9636    0.9339       110
          14     0.9494    0.9091    0.9288       165
          15     0.9419    0.9669    0.9542       151

    accuracy                         0.9490      3274
   macro avg     0.9460    0.9462    0.9459      3274
weighted avg     0.9492    0.9490    0.9489      3274

